11.112272 
9.654676 
10.608056 
10.641006 
9.287918 
11.159150 
8.281055 
10.417466 
9.599946 
12.280909 
7.728280 
10.225145 
10.866331 
11.387139 
8.967423 
10.308187 
9.641797 
10.300349 
8.886188 
9.678641 
10.047448 
11.244166 
10.844847 
8.470149 
12.224139 
10.392710 
9.993583 
10.472805 
9.250164 
10.980675 
10.154229 
11.556501 
9.772023 
10.894644 
8.671594 
9.095484 
10.054193 
9.137040 
8.937963 
10.563226 
10.786889 
9.695298 
9.930450 
9.281612 
8.295039 
10.290527 
9.358981 
11.336808 
10.155588 
12.081781 
10.038588 
9.437511 
9.894486 
10.730646 
10.319236 
10.163729 
9.108877 
10.985429 
11.317130 
8.626671 
10.505623 
9.100980 
9.840648 
11.011188 
10.973994 
9.498025 
9.757638 
10.351762 
8.925995 
11.339779 
10.528939 
10.102713 
10.396976 
10.905164 
9.888914 
10.779234 
9.605197 
11.223582 
10.264499 
10.590069 
9.907702 
8.502010 
11.940762 
9.063924 
10.799445 
8.536488 
11.011509 
9.319033 
9.709931 
8.500031 
9.165918 
9.402693 
11.417492 
7.903067 
9.971759 
11.614618 
11.538078 
9.025913 
11.338815 
9.296014 
